Golden_State 42.8 85.1 11.3 28.9 16.6 20.3 8.4 35.1 29.3 8.0 7.5 15.6 19.6
Houston 38.7 84.2 15.3 42.3 19.6 25.1 9.0 34.5 21.5 8.5 4.8 14.1 19.5
New_Orleans 42.7 88.3 10.2 28.2 16.1 20.9 8.7 35.7 26.8 8.0 5.9 15.2 19.1
Toronto 41.3 87.4 11.8 33.0 17.3 21.8 9.8 34.2 24.3 7.6 6.1 13.6 21.7
Cleveland 40.4 84.8 12.0 32.1 18.1 23.3 8.5 33.7 23.4 7.1 3.8 13.9 18.6
Denver 40.7 86.6 11.5 30.9 17.1 22.3 11.0 33.5 25.1 7.6 4.9 15.0 18.7
Philadelphia 40.8 86.6 11.0 29.8 17.1 22.8 10.9 36.5 27.1 8.3 5.1 16.8 22.1
Minnesota 41.0 86.1 8.0 22.5 19.4 24.1 10.3 31.6 22.7 8.4 4.2 12.5 18.2
Los_Angeles_C 40.3 85.4 9.5 26.8 19.0 25.5 10.1 33.7 22.3 7.7 4.5 14.8 20.0
Charlotte 39.0 86.7 10.0 27.2 20.2 27.0 10.1 35.4 21.6 6.8 4.5 12.9 17.2
Los_Angeles_L 40.7 88.4 10.0 29.1 16.6 23.3 10.7 35.7 23.8 7.7 4.7 16.0 21.2
Oklahoma_City 39.9 88.1 10.7 30.4 17.3 24.2 12.5 32.6 21.3 9.1 5.0 14.1 20.1
Washington 39.9 85.6 9.9 26.5 16.8 21.8 10.0 33.1 25.2 7.9 4.3 14.7 21.3
Brooklyn 38.2 86.8 12.7 35.7 17.4 22.6 9.7 34.8 23.7 6.2 4.8 15.3 20.6
Milwaukee 39.7 83.0 8.8 24.7 18.3 23.4 8.4 31.5 23.2 8.8 5.4 13.8 21.4
Portland 39.3 87.0 10.3 28.1 16.7 20.9 10.2 35.3 19.5 7.0 5.2 13.7 19.5
Indiana 40.8 86.4 9.0 24.5 14.9 19.2 9.6 32.7 22.2 8.8 4.1 13.6 18.8
New_York 40.7 87.7 8.2 23.3 14.9 19.0 10.5 33.6 23.3 6.7 5.1 14.8 20.5
Utah 38.3 82.9 10.8 29.6 16.8 21.5 9.0 34.2 22.4 8.6 5.1 14.7 19.6
Boston 38.3 85.1 11.5 30.4 16.0 20.7 9.4 35.1 22.5 7.4 4.6 14.4 19.7
Phoenix 38.5 87.1 9.3 27.9 17.7 23.9 10.3 33.9 21.3 6.9 4.5 15.9 22.0
Detroit 39.1 86.9 10.8 28.9 14.7 19.8 10.1 33.6 22.8 7.7 3.9 13.6 18.4
Miami 38.8 85.3 11.0 30.6 14.7 19.5 9.3 34.2 22.7 7.6 5.3 14.5 20.1
Orlando 38.8 85.9 10.3 29.3 15.5 20.5 8.8 32.8 23.4 7.6 4.9 14.5 19.3
Atlanta 38.2 85.5 11.2 31.0 15.8 20.2 9.0 32.8 23.7 7.8 4.2 15.9 19.6
Chicago 38.7 88.9 11.0 31.1 14.6 19.2 9.6 35.0 23.5 7.6 3.5 14.4 19.2
San_Antonio 39.0 85.4 8.5 24.1 16.1 20.9 10.4 33.9 22.8 7.7 5.6 13.2 17.2
Dallas 38.1 85.9 11.8 32.8 14.2 18.7 8.1 33.1 22.7 7.0 3.8 12.4 19.2
Memphis 36.7 82.8 9.2 26.2 16.6 21.1 9.5 31.0 21.5 7.5 4.8 15.3 23.2
Sacramento 38.8 86.1 9.0 24.0 12.3 16.7 9.5 31.4 21.6 7.9 4.1 13.9 20.0
